25 100
12
1 8
2 200 1
2 100 8
2 700 4
2 600 6
3 200 5
2 300 1
2 800 2
2 200 3
3 600 3
3 100 4
2 400 8
100
1 20
2 4583776 1
2 9335179 20
2 794471794 10
2 2930245 15
2 1971572 5
2 9212847 7
2 3235942 12
3 1971572 14
2 6568711 4
2 8911646 17
2 572001 2
2 7630784 5
2 3518315 8
2 8766930 13
2 2144677 18
2 9544020 3
2 2988431 6
2 7378758 9
3 8766930 5
3 4583776 6
3 7378758 7
2 4978291 13
3 2144677 7
3 3518315 8
3 7630784 9
3 6568711 10
3 9335179 11
3 572001 12
3 8911646 13
2 62159412 20
2 7771631 17
3 9212847 12
2 2136364 8
2 4425671 1
3 2988431 11
3 4978291 12
3 794471794 13
3 62159412 14
2 928278 5
2 661177 10
3 928278 13
3 7771631 14
2 3190676 20
2 3738447 5
3 4425671 13
2 8145676 17
2 2178983 1
2 7864638 6
3 3190676 11
2 3682687 20
3 7864638 11
3 3235942 12
3 2930245 13
2 4494296 13
3 2178983 13
2 6329521 15
2 38935120 1
2 8160571 6
2 4077666 11
2 1257077 18
3 4077666 9
2 7757338 11
3 7757338 9
3 8145676 10
3 1257077 11
2 8892727 17
2 1961614 11
3 3738447 10
2 301711 4
3 8892727 10
3 4494296 11
3 9544020 12
2 8052264 17
2 6923891 13
2 4823290 2
2 19512429 18
2 5747260 3
3 5747260 8
3 301711 9
2 2898467 4
2 8242666 3
3 19512429 8
3 8160571 9
3 2136364 10
2 2987079 7
2 6555230 5
2 3136289 8
2 8444800 18
2 4331691 6
2 5339410 9
2 9033317 12
2 7238036 14
3 8444800 3
3 5339410 4
2 3402459 18
3 1961614 4
2 7054696 9
3 3402459 4
2 9516929 18
